line
350 250 0 200 270 0
line
350 250 0 200 230 0
line
150 245 0 215 245 0
line
150 255 0 215 255 0
line
215 255 0 225 250 0
line
215 245 0 225 250 0
line
150 245 0 150 255 0
line
200 230 0 200 245 0
line
200 270 0 200 255 0
line
230 266 0 245 236 0
line
231 266 0 246 236 0
line
232 266 0 247 236 0
line
233 266 0 248 236 0
line
234 266 0 249 236 0
line
215 232 0 213 245 0
line
216 232 0 214 245 0
line
217 232 0 215 245 0
line
218 232 0 216 245 0
line
219 232 0 217 245 0
line
210 255 0 208 268 0
line
211 255 0 209 268 0
line
212 255 0 210 268 0
line
213 255 0 211 268 0
line
214 255 0 212 268 0
line
275 260 0 290 242 0
line
276 260 0 291 242 0
line
277 260 0 292 242 0
line
278 260 0 293 242 0
line
279 260 0 294 242 0
display
ident
move
-250 -250 0
scale
2 2 2
move
250 250 0
apply
display
ident
move
-250 -250 0
rotate
z 30
move
250 250 0
apply
display
ident
rotate
x 45
apply
display
quit